0,547
0,546
0,545
0,544
0,543
0,542
0,541
0,540
8,18
8,17
0,539
0,538
0,537
0,536
0,535
0,534
0,533
0,532
0,531
0,530
0,529
0,528
9,7
9,6
9,5
10,35
10,34
10,33
10,32
10,31
10,30
10,29
10,28
10,27
10,26
11,30
11,29
11,28
11,27
11,26
11,25
11,24
11,23
11,22
11,21
11,20
11,19
11,18
11,17
11,16
11,15
11,14
10,127
10,126
10,125
11,13
10,124
10,123
10,122
10,121
10,120
10,119
10,118
10,117
10,116
10,115
11,12
10,114
10,113
10,112
10,111
10,110
10,109
10,108
10,107
10,106
10,191
10,190
10,189
10,188
10,187
10,186
10,185
10,184
10,183
10,182
10,181
10,180
10,179
10,178
10,177
10,176
10,175
10,174
10,173
10,172
10,171
10,170
10,169
10,168
10,167
10,166
10,165
10,164
10,163
10,162
10,161
10,160
10,159
10,158
10,157
10,156
10,155
10,154
10,153
10,255
10,254
10,253
10,252
10,251
10,250
10,249
10,248
10,247
10,246
10,245
10,244
10,243
10,242
10,241
10,240
10,239
10,238
10,237
10,236
10,235
10,234
10,233
10,232
10,231
10,314
10,313
10,312
10,311
10,310
10,309
10,308
10,307
10,306
10,305
10,304
10,303
10,302
10,301
10,300
10,299
10,298
10,297
10,296
10,295
10,294
10,293
10,292
10,291
10,290
10,289
10,288
10,287
10,286
10,285
10,284
10,283
10,282
10,281
10,280
10,279
10,278
10,277
10,276
10,275
0,511
0,510
0,509
0,508
0,507
0,506
0,505
0,504
0,503
0,502
0,501
0,500
0,499
0,498
0,497
0,496
0,495
